238
1
1731;1529
1
1730;1528
1
1729;1527
15
1689;1517
1690;1517
1691;1517
1692;1517
1693;1517
1694;1517
1695;1517
1690;1518
1691;1518
1692;1518
1693;1518
1694;1518
1695;1518
1696;1518
1697;1518
14
495;1516
496;1516
497;1516
498;1516
499;1516
492;1517
493;1517
494;1517
495;1517
496;1517
489;1518
490;1518
491;1518
492;1518
2
692;1505
693;1505
1
938;1504
1
939;1503
5
688;1503
689;1503
689;1504
690;1504
691;1504
1
686;1502
1
685;1501
2
1111;1493
1111;1494
9
1861;1485
1862;1485
1863;1485
1864;1485
1865;1485
1862;1486
1863;1486
1864;1486
1865;1486
15
1093;1459
1094;1459
1095;1459
1096;1459
1097;1459
1098;1459
1099;1459
1093;1460
1094;1460
1095;1460
1096;1460
1097;1460
1098;1460
1099;1460
1100;1460
6
887;1457
887;1458
888;1458
887;1459
888;1459
889;1459
1
1112;1455
1
1113;1454
3
1114;1452
1115;1452
1114;1453
3
1116;1451
1117;1451
1118;1451
2
1131;1446
1132;1446
1
1600;1434
4
452;1418
452;1419
453;1419
453;1420
3
1353;1413
1354;1413
1355;1413
3
913;1401
914;1401
915;1401
2
916;1400
917;1400
9
922;1398
923;1398
924;1398
925;1398
926;1398
919;1399
920;1399
921;1399
922;1399
1
1464;1381
7
1460;1379
1461;1379
1462;1379
1463;1379
1461;1380
1462;1380
1463;1380
6
536;1376
537;1376
538;1376
538;1377
539;1377
539;1378
5
809;1372
809;1373
810;1373
811;1373
812;1373
2
466;1353
467;1353
1
465;1352
2
1856;1339
1857;1339
1
1202;1337
7
1152;1333
1151;1334
1152;1334
1150;1335
1151;1335
1149;1336
1150;1336
6
283;1318
284;1318
285;1318
286;1318
287;1318
288;1318
1
634;1310
2
1249;1304
1250;1304
1
1247;1303
11
1240;1299
1241;1299
1240;1300
1241;1300
1242;1300
1242;1301
1243;1301
1244;1301
1244;1302
1245;1302
1246;1302
14
948;1294
949;1294
950;1294
951;1294
952;1294
953;1294
948;1295
949;1295
950;1295
951;1295
952;1295
953;1295
954;1295
955;1295
3
610;1292
610;1293
610;1294
3
794;1289
794;1290
794;1291
17
1916;1279
1917;1279
1918;1279
1919;1279
1920;1279
1921;1279
1922;1279
1923;1279
1919;1280
1920;1280
1921;1280
1922;1280
1923;1280
1924;1280
1925;1280
1926;1280
1927;1280
2
1799;1275
1800;1275
2
1996;1270
1997;1270
10
916;1268
917;1268
918;1268
915;1269
916;1269
917;1269
918;1269
919;1269
919;1270
920;1270
6
971;1267
972;1267
971;1268
972;1268
971;1269
972;1269
7
1811;1236
1810;1237
1811;1237
1810;1238
1811;1238
1810;1239
1811;1239
1
2047;1229
5
1740;1219
1741;1219
1742;1219
1743;1219
1744;1219
4
1178;1210
1179;1210
1178;1211
1179;1211
4
2002;1202
2003;1202
2004;1202
2005;1202
3
799;1202
799;1203
799;1204
2
800;1200
800;1201
10
1140;1195
1140;1196
1141;1196
1140;1197
1141;1197
1142;1197
1143;1197
1144;1197
1143;1198
1144;1198
1
1095;1192
2
1829;1191
1830;1191
3
1093;1190
1094;1190
1094;1191
8
359;1190
360;1190
361;1190
362;1190
359;1191
360;1191
361;1191
362;1191
1
101;1188
7
1594;1183
1595;1183
1590;1184
1591;1184
1592;1184
1593;1184
1594;1184
4
448;1180
446;1181
447;1181
448;1181
8
1730;1170
1731;1170
1732;1170
1733;1170
1734;1170
1735;1170
1736;1170
1737;1170
10
1919;1166
1920;1166
1921;1166
1922;1166
1923;1166
1919;1167
1920;1167
1921;1167
1922;1167
1923;1167
3
997;1155
998;1155
999;1155
5
993;1153
994;1153
994;1154
995;1154
996;1154
10
1018;1151
1019;1151
1020;1151
1021;1151
1022;1151
1023;1151
1024;1151
1025;1151
1023;1152
1024;1152
1
1934;1148
19
1909;1097
1910;1097
1911;1097
1912;1097
1913;1097
1914;1097
1915;1097
1916;1097
1920;1097
1921;1097
1914;1098
1915;1098
1916;1098
1917;1098
1918;1098
1919;1098
1920;1098
1921;1098
1922;1098
8
1540;1093
1541;1093
1542;1093
1543;1093
1540;1094
1541;1094
1542;1094
1543;1094
5
1515;1089
1515;1090
1516;1090
1517;1090
1516;1091
1
213;1087
2
1434;1049
1435;1049
5
31;1039
32;1039
32;1040
32;1041
32;1042
3
2009;1037
2009;1038
2010;1038
1
1512;1015
8
1637;1009
1638;1009
1639;1009
1637;1010
1638;1010
1639;1010
1640;1010
1640;1011
11
1508;1002
1509;1002
1508;1003
1509;1003
1509;1004
1509;1005
1510;1005
1509;1006
1510;1006
1509;1007
1510;1007
1
1242;1000
1
1494;969
1
1493;968
1
1492;967
1
1491;965
3
929;954
930;954
931;954
2
607;941
607;942
1
2012;928
1
552;924
3
554;923
555;923
556;923
1
837;913
1
836;912
1
835;911
2
827;908
828;908
2
1588;887
1589;887
1
1684;885
15
1222;879
1223;879
1223;880
1224;880
1225;880
1226;880
1227;880
1226;881
1227;881
1228;881
1229;881
1230;881
1231;881
1230;882
1231;882
3
1682;871
1683;871
1683;872
1
1282;855
8
1947;837
1948;837
1949;837
1950;837
1951;837
1951;838
1952;838
1952;839
2
1066;837
1067;837
3
1072;836
1073;836
1074;836
1
1109;822
1
1111;821
1
893;799
3
477;799
478;799
479;799
1
896;797
3
543;785
542;786
543;786
6
1930;772
1931;772
1932;772
1930;773
1931;773
1932;773
13
820;772
821;772
822;772
823;772
824;772
825;772
826;772
820;773
821;773
822;773
823;773
824;773
825;773
1
585;768
1
2000;761
3
1856;754
1856;755
1856;756
15
1667;754
1668;754
1669;754
1670;754
1671;754
1672;754
1673;754
1674;754
1668;755
1669;755
1670;755
1671;755
1672;755
1673;755
1674;755
1
540;752
5
1977;744
1977;745
1977;746
1977;747
1977;748
4
839;744
840;744
838;745
839;745
1
999;742
6
962;742
963;742
964;742
965;742
963;743
964;743
9
1326;737
1325;738
1326;738
1325;739
1326;739
1325;740
1326;740
1325;741
1326;741
12
446;727
442;728
443;728
444;728
445;728
446;728
441;729
442;729
443;729
444;729
445;729
446;729
12
1223;699
1224;699
1225;699
1226;699
1227;699
1228;699
1222;700
1223;700
1224;700
1225;700
1226;700
1227;700
8
536;697
537;697
536;698
537;698
536;699
537;699
536;700
537;700
1
1851;689
1
1852;686
10
1392;685
1393;685
1394;685
1387;686
1388;686
1389;686
1390;686
1391;686
1392;686
1393;686
10
1345;684
1346;684
1347;684
1348;684
1349;684
1349;685
1350;685
1351;685
1352;685
1352;686
1
1344;683
2
944;648
945;648
21
906;648
907;648
908;648
909;648
910;648
911;648
912;648
913;648
914;648
906;649
907;649
908;649
909;649
910;649
911;649
912;649
913;649
914;649
915;649
916;649
917;649
1
929;647
3
99;630
100;630
101;630
10
959;617
960;617
961;617
962;617
963;617
964;617
965;617
966;617
967;617
959;618
26
1516;615
1517;615
1518;615
1519;615
1504;616
1505;616
1506;616
1507;616
1508;616
1509;616
1510;616
1511;616
1512;616
1513;616
1514;616
1515;616
1516;616
1517;616
1504;617
1505;617
1506;617
1507;617
1508;617
1509;617
1510;617
1511;617
7
562;591
563;591
563;592
564;592
564;593
565;593
565;594
3
891;582
890;583
891;583
2
1196;578
1196;579
5
1347;573
1348;573
1347;574
1348;574
1349;574
1
1715;571
13
802;571
803;571
804;571
805;571
806;571
807;571
808;571
802;572
803;572
804;572
805;572
806;572
807;572
5
439;569
439;570
439;571
439;572
439;573
1
1203;564
1
1736;562
3
358;543
359;543
360;543
8
1416;541
1417;541
1418;541
1419;541
1420;541
1421;541
1419;542
1420;542
1
1392;534
16
1177;498
1178;498
1179;498
1180;498
1181;498
1182;498
1183;498
1184;498
1176;499
1177;499
1178;499
1179;499
1180;499
1181;499
1182;499
1183;499
4
920;496
921;496
922;496
923;496
6
637;490
636;491
637;491
636;492
637;492
636;493
1
638;489
8
1230;484
1231;484
1232;484
1233;484
1234;484
1235;484
1236;484
1237;484
1
561;484
3
1227;483
1228;483
1229;483
1
974;483
1
560;483
1
559;482
1
1224;481
1
558;481
1
1223;480
6
638;480
638;481
638;482
638;483
638;484
638;485
1
639;479
5
1219;478
1220;478
1221;478
1221;479
1222;479
2
1217;477
1218;477
2
557;473
558;473
8
1328;471
1327;472
1328;472
1327;473
1328;473
1326;474
1327;474
1328;474
1
1329;469
7
1158;466
1159;466
1160;466
1161;466
1162;466
1163;466
1164;466
18
653;462
654;462
654;463
655;463
656;463
657;463
658;463
659;463
660;463
661;463
662;463
655;464
656;464
657;464
658;464
659;464
660;464
661;464
12
1091;460
1092;460
1092;461
1093;461
1094;461
1095;461
1096;461
1093;462
1094;462
1095;462
1096;462
1097;462
8
629;454
630;454
627;455
628;455
629;455
627;456
628;456
628;457
1
824;446
13
815;444
816;444
817;444
818;444
819;444
815;445
816;445
817;445
818;445
819;445
820;445
821;445
822;445
5
1285;429
1286;429
1285;430
1286;430
1286;431
2
901;427
902;427
7
1552;424
1553;424
1554;424
1552;425
1553;425
1554;425
1555;425
1
979;421
1
980;420
8
925;405
926;405
927;405
928;405
929;405
925;406
926;406
927;406
3
982;399
983;399
983;400
1
650;398
6
752;385
753;385
754;385
755;385
755;386
756;386
4
1907;384
1908;384
1908;385
1909;385
8
573;378
574;378
575;378
572;379
573;379
574;379
575;379
576;379
1
1941;370
10
545;351
546;351
547;351
548;351
549;351
545;352
546;352
547;352
548;352
549;352
1
779;309
5
522;307
523;307
521;308
522;308
521;309
14
1111;289
1112;289
1113;289
1114;289
1115;289
1116;289
1117;289
1118;289
1113;290
1114;290
1115;290
1116;290
1117;290
1118;290
10
1217;288
1218;288
1219;288
1220;288
1221;288
1222;288
1223;288
1224;288
1225;288
1219;289
1
1287;286
1
1576;279
2
882;273
883;273
2
1578;272
1578;273
1
1579;271
7
959;263
960;263
961;263
959;264
960;264
959;265
959;266
5
254;257
255;257
255;258
256;258
256;259
2
574;254
574;255
2
762;249
763;249
12
769;243
770;243
768;244
769;244
767;245
768;245
766;246
767;246
765;247
766;247
764;248
765;248
1
771;242
3
798;237
799;237
799;238
6
1566;236
1566;237
1565;238
1566;238
1565;239
1566;239
27
124;221
125;221
126;221
127;221
128;221
129;221
130;221
131;221
132;221
133;221
134;221
135;221
136;221
137;221
128;222
129;222
130;222
131;222
132;222
133;222
134;222
135;222
136;222
137;222
138;222
139;222
140;222
7
1521;204
1522;204
1523;204
1524;204
1525;204
1526;204
1527;204
1
1246;195
2
1138;195
1139;195
1
1247;192
2
1248;190
1248;191
1
828;171
1
1622;168
4
1296;167
1297;167
1298;167
1299;167
1
1293;167
1
805;167
1
1621;166
1
816;166
1
817;165
1
818;164
1
819;163
1
820;162
1
1772;145
1
1554;138
5
338;138
339;138
340;138
339;139
340;139
1
805;125
1
806;124
1
1360;116
1
1445;113
14
999;88
1000;88
999;89
1000;89
999;90
1000;90
999;91
1000;91
999;92
1000;92
999;93
1000;93
1000;94
1000;95
2
914;79
914;80
1
695;64
5
1370;31
1371;31
1372;31
1371;32
1372;32
3
950;24
950;25
950;26
2
951;22
951;23
1
522;15
1
574;13
10
566;10
567;10
568;10
569;10
569;11
570;11
571;11
572;11
572;12
573;12
3
897;9
897;10
898;10
2
604;0
604;1
6
235;0
236;0
237;0
238;0
239;0
240;0
7156
0;0
1;0
2;0
3;0
4;0
5;0
6;0
7;0
8;0
9;0
10;0
11;0
12;0
13;0
14;0
15;0
16;0
17;0
18;0
19;0
20;0
21;0
22;0
23;0
24;0
25;0
26;0
27;0
28;0
29;0
30;0
31;0
32;0
33;0
34;0
35;0
36;0
37;0
38;0
39;0
40;0
41;0
42;0
43;0
44;0
45;0
46;0
47;0
48;0
49;0
50;0
51;0
52;0
53;0
54;0
55;0
56;0
57;0
58;0
59;0
60;0
61;0
62;0
63;0
64;0
65;0
66;0
67;0
68;0
69;0
70;0
71;0
72;0
73;0
74;0
75;0
76;0
77;0
78;0
79;0
80;0
81;0
82;0
83;0
84;0
85;0
86;0
87;0
88;0
89;0
90;0
91;0
92;0
93;0
94;0
95;0
96;0
97;0
98;0
99;0
100;0
101;0
102;0
103;0
104;0
105;0
106;0
107;0
108;0
109;0
110;0
111;0
112;0
113;0
114;0
115;0
116;0
117;0
118;0
119;0
120;0
121;0
122;0
123;0
124;0
125;0
126;0
127;0
128;0
129;0
130;0
131;0
132;0
133;0
134;0
135;0
136;0
137;0
138;0
139;0
140;0
141;0
142;0
143;0
144;0
145;0
146;0
147;0
148;0
149;0
150;0
151;0
152;0
153;0
154;0
155;0
156;0
157;0
158;0
159;0
160;0
161;0
162;0
163;0
164;0
165;0
166;0
167;0
168;0
169;0
170;0
171;0
172;0
173;0
174;0
175;0
176;0
177;0
178;0
179;0
180;0
181;0
182;0
183;0
184;0
185;0
186;0
187;0
188;0
189;0
190;0
191;0
192;0
193;0
194;0
195;0
196;0
197;0
198;0
199;0
200;0
201;0
202;0
203;0
204;0
205;0
206;0
207;0
208;0
209;0
210;0
211;0
212;0
213;0
214;0
215;0
216;0
217;0
218;0
219;0
220;0
221;0
222;0
223;0
224;0
225;0
226;0
227;0
228;0
229;0
230;0
231;0
232;0
233;0
234;0
235;0
236;0
237;0
238;0
239;0
240;0
241;0
242;0
243;0
244;0
245;0
246;0
247;0
248;0
249;0
250;0
251;0
252;0
253;0
254;0
255;0
256;0
257;0
258;0
259;0
260;0
261;0
262;0
263;0
264;0
265;0
266;0
267;0
268;0
269;0
270;0
271;0
272;0
273;0
274;0
275;0
276;0
277;0
278;0
279;0
280;0
281;0
282;0
283;0
284;0
285;0
286;0
287;0
288;0
289;0
290;0
291;0
292;0
293;0
294;0
295;0
296;0
297;0
298;0
299;0
300;0
301;0
302;0
303;0
304;0
305;0
306;0
307;0
308;0
309;0
310;0
311;0
312;0
313;0
314;0
315;0
316;0
317;0
318;0
319;0
320;0
321;0
322;0
323;0
324;0
325;0
326;0
327;0
328;0
329;0
330;0
331;0
332;0
333;0
334;0
335;0
336;0
337;0
338;0
339;0
340;0
341;0
342;0
343;0
344;0
345;0
346;0
347;0
348;0
349;0
350;0
351;0
352;0
353;0
354;0
355;0
356;0
357;0
358;0
359;0
360;0
361;0
362;0
363;0
364;0
365;0
366;0
367;0
368;0
369;0
370;0
371;0
372;0
373;0
374;0
375;0
376;0
377;0
378;0
379;0
380;0
381;0
382;0
383;0
384;0
385;0
386;0
387;0
388;0
389;0
390;0
391;0
392;0
393;0
394;0
395;0
396;0
397;0
398;0
399;0
400;0
401;0
402;0
403;0
404;0
405;0
406;0
407;0
408;0
409;0
410;0
411;0
412;0
413;0
414;0
415;0
416;0
417;0
418;0
419;0
420;0
421;0
422;0
423;0
424;0
425;0
426;0
427;0
428;0
429;0
430;0
431;0
432;0
433;0
434;0
435;0
436;0
437;0
438;0
439;0
440;0
441;0
442;0
443;0
444;0
445;0
446;0
447;0
448;0
449;0
450;0
451;0
452;0
453;0
454;0
455;0
456;0
457;0
458;0
459;0
460;0
461;0
462;0
463;0
464;0
465;0
466;0
467;0
468;0
469;0
470;0
471;0
472;0
473;0
474;0
475;0
476;0
477;0
478;0
479;0
480;0
481;0
482;0
483;0
484;0
485;0
486;0
487;0
488;0
489;0
490;0
491;0
492;0
493;0
494;0
495;0
496;0
497;0
498;0
499;0
500;0
501;0
502;0
503;0
504;0
505;0
506;0
507;0
508;0
509;0
510;0
511;0
512;0
513;0
514;0
515;0
516;0
517;0
518;0
519;0
520;0
521;0
522;0
523;0
524;0
525;0
526;0
527;0
528;0
529;0
530;0
531;0
532;0
533;0
534;0
535;0
536;0
537;0
538;0
539;0
540;0
541;0
542;0
543;0
544;0
545;0
546;0
547;0
548;0
549;0
550;0
551;0
552;0
553;0
554;0
555;0
556;0
557;0
558;0
559;0
560;0
561;0
562;0
563;0
564;0
565;0
566;0
567;0
568;0
569;0
570;0
571;0
572;0
573;0
574;0
575;0
576;0
577;0
578;0
579;0
580;0
581;0
582;0
583;0
584;0
585;0
586;0
587;0
588;0
589;0
590;0
591;0
592;0
593;0
594;0
595;0
596;0
597;0
598;0
599;0
600;0
601;0
602;0
603;0
604;0
605;0
606;0
607;0
608;0
609;0
610;0
611;0
612;0
613;0
614;0
615;0
616;0
617;0
618;0
619;0
620;0
621;0
622;0
623;0
624;0
625;0
626;0
627;0
628;0
629;0
630;0
631;0
632;0
633;0
634;0
635;0
636;0
637;0
638;0
639;0
640;0
641;0
642;0
643;0
644;0
645;0
646;0
647;0
648;0
649;0
650;0
651;0
652;0
653;0
654;0
655;0
656;0
657;0
658;0
659;0
660;0
661;0
662;0
663;0
664;0
665;0
666;0
667;0
668;0
669;0
670;0
671;0
672;0
673;0
674;0
675;0
676;0
677;0
678;0
679;0
680;0
681;0
682;0
683;0
684;0
685;0
686;0
687;0
688;0
689;0
690;0
691;0
692;0
693;0
694;0
695;0
696;0
697;0
698;0
699;0
700;0
701;0
702;0
703;0
704;0
705;0
706;0
707;0
708;0
709;0
710;0
711;0
712;0
713;0
714;0
715;0
716;0
717;0
718;0
719;0
720;0
721;0
722;0
723;0
724;0
725;0
726;0
727;0
728;0
729;0
730;0
731;0
732;0
733;0
734;0
735;0
736;0
737;0
738;0
739;0
740;0
741;0
742;0
743;0
744;0
745;0
746;0
747;0
748;0
749;0
750;0
751;0
752;0
753;0
754;0
755;0
756;0
757;0
758;0
759;0
760;0
761;0
762;0
763;0
764;0
765;0
766;0
767;0
768;0
769;0
770;0
771;0
772;0
773;0
774;0
775;0
776;0
777;0
778;0
779;0
780;0
781;0
782;0
783;0
784;0
785;0
786;0
787;0
788;0
789;0
790;0
791;0
792;0
793;0
794;0
795;0
796;0
797;0
798;0
799;0
800;0
801;0
802;0
803;0
804;0
805;0
806;0
807;0
808;0
809;0
810;0
811;0
812;0
813;0
814;0
815;0
816;0
817;0
818;0
819;0
820;0
821;0
822;0
823;0
824;0
825;0
826;0
827;0
828;0
829;0
830;0
831;0
832;0
833;0
834;0
835;0
836;0
837;0
838;0
839;0
840;0
841;0
842;0
843;0
844;0
845;0
846;0
847;0
848;0
849;0
850;0
851;0
852;0
853;0
854;0
855;0
856;0
857;0
858;0
859;0
860;0
861;0
862;0
863;0
864;0
865;0
866;0
867;0
868;0
869;0
870;0
871;0
872;0
873;0
874;0
875;0
876;0
877;0
878;0
879;0
880;0
881;0
882;0
883;0
884;0
885;0
886;0
887;0
888;0
889;0
890;0
891;0
892;0
893;0
894;0
895;0
896;0
897;0
898;0
899;0
900;0
901;0
902;0
903;0
904;0
905;0
906;0
907;0
908;0
909;0
910;0
911;0
912;0
913;0
914;0
915;0
916;0
917;0
918;0
919;0
920;0
921;0
922;0
923;0
924;0
925;0
926;0
927;0
928;0
929;0
930;0
931;0
932;0
933;0
934;0
935;0
936;0
937;0
938;0
939;0
940;0
941;0
942;0
943;0
944;0
945;0
946;0
947;0
948;0
949;0
950;0
951;0
952;0
953;0
954;0
955;0
956;0
957;0
958;0
959;0
960;0
961;0
962;0
963;0
964;0
965;0
966;0
967;0
968;0
969;0
970;0
971;0
972;0
973;0
974;0
975;0
976;0
977;0
978;0
979;0
980;0
981;0
982;0
983;0
984;0
985;0
986;0
987;0
988;0
989;0
990;0
991;0
992;0
993;0
994;0
995;0
996;0
997;0
998;0
999;0
1000;0
1001;0
1002;0
1003;0
1004;0
1005;0
1006;0
1007;0
1008;0
1009;0
1010;0
1011;0
1012;0
1013;0
1014;0
1015;0
1016;0
1017;0
1018;0
1019;0
1020;0
1021;0
1022;0
1023;0
1024;0
1025;0
1026;0
1027;0
1028;0
1029;0
1030;0
1031;0
1032;0
1033;0
1034;0
1035;0
1036;0
1037;0
1038;0
1039;0
1040;0
1041;0
1042;0
1043;0
1044;0
1045;0
1046;0
1047;0
1048;0
1049;0
1050;0
1051;0
1052;0
1053;0
1054;0
1055;0
1056;0
1057;0
1058;0
1059;0
1060;0
1061;0
1062;0
1063;0
1064;0
1065;0
1066;0
1067;0
1068;0
1069;0
1070;0
1071;0
1072;0
1073;0
1074;0
1075;0
1076;0
1077;0
1078;0
1079;0
1080;0
1081;0
1082;0
1083;0
1084;0
1085;0
1086;0
1087;0
1088;0
1089;0
1090;0
1091;0
1092;0
1093;0
1094;0
1095;0
1096;0
1097;0
1098;0
1099;0
1100;0
1101;0
1102;0
1103;0
1104;0
1105;0
1106;0
1107;0
1108;0
1109;0
1110;0
1111;0
1112;0
1113;0
1114;0
1115;0
1116;0
1117;0
1118;0
1119;0
1120;0
1121;0
1122;0
1123;0
1124;0
1125;0
1126;0
1127;0
1128;0
1129;0
1130;0
1131;0
1132;0
1133;0
1134;0
1135;0
1136;0
1137;0
1138;0
1139;0
1140;0
1141;0
1142;0
1143;0
1144;0
1145;0
1146;0
1147;0
1148;0
1149;0
1150;0
1151;0
1152;0
1153;0
1154;0
1155;0
1156;0
1157;0
1158;0
1159;0
1160;0
1161;0
1162;0
1163;0
1164;0
1165;0
1166;0
1167;0
1168;0
1169;0
1170;0
1171;0
1172;0
1173;0
1174;0
1175;0
1176;0
1177;0
1178;0
1179;0
1180;0
1181;0
1182;0
1183;0
1184;0
1185;0
1186;0
1187;0
1188;0
1189;0
1190;0
1191;0
1192;0
1193;0
1194;0
1195;0
1196;0
1197;0
1198;0
1199;0
1200;0
1201;0
1202;0
1203;0
1204;0
1205;0
1206;0
1207;0
1208;0
1209;0
1210;0
1211;0
1212;0
1213;0
1214;0
1215;0
1216;0
1217;0
1218;0
1219;0
1220;0
1221;0
1222;0
1223;0
1224;0
1225;0
1226;0
1227;0
1228;0
1229;0
1230;0
1231;0
1232;0
1233;0
1234;0
1235;0
1236;0
1237;0
1238;0
1239;0
1240;0
1241;0
1242;0
1243;0
1244;0
1245;0
1246;0
1247;0
1248;0
1249;0
1250;0
1251;0
1252;0
1253;0
1254;0
1255;0
1256;0
1257;0
1258;0
1259;0
1260;0
1261;0
1262;0
1263;0
1264;0
1265;0
1266;0
1267;0
1268;0
1269;0
1270;0
1271;0
1272;0
1273;0
1274;0
1275;0
1276;0
1277;0
1278;0
1279;0
1280;0
1281;0
1282;0
1283;0
1284;0
1285;0
1286;0
1287;0
1288;0
1289;0
1290;0
1291;0
1292;0
1293;0
1294;0
1295;0
1296;0
1297;0
1298;0
1299;0
1300;0
1301;0
1302;0
1303;0
1304;0
1305;0
1306;0
1307;0
1308;0
1309;0
1310;0
1311;0
1312;0
1313;0
1314;0
1315;0
1316;0
1317;0
1318;0
1319;0
1320;0
1321;0
1322;0
1323;0
1324;0
1325;0
1326;0
1327;0
1328;0
1329;0
1330;0
1331;0
1332;0
1333;0
1334;0
1335;0
1336;0
1337;0
1338;0
1339;0
1340;0
1341;0
1342;0
1343;0
1344;0
1345;0
1346;0
1347;0
1348;0
1349;0
1350;0
1351;0
1352;0
1353;0
1354;0
1355;0
1356;0
1357;0
1358;0
1359;0
1360;0
1361;0
1362;0
1363;0
1364;0
1365;0
1366;0
1367;0
1368;0
1369;0
1370;0
1371;0
1372;0
1373;0
1374;0
1375;0
1376;0
1377;0
1378;0
1379;0
1380;0
1381;0
1382;0
1383;0
1384;0
1385;0
1386;0
1387;0
1388;0
1389;0
1390;0
1391;0
1392;0
1393;0
1394;0
1395;0
1396;0
1397;0
1398;0
1399;0
1400;0
1401;0
1402;0
1403;0
1404;0
1405;0
1406;0
1407;0
1408;0
1409;0
1410;0
1411;0
1412;0
1413;0
1414;0
1415;0
1416;0
1417;0
1418;0
1419;0
1420;0
1421;0
1422;0
1423;0
1424;0
1425;0
1426;0
1427;0
1428;0
1429;0
1430;0
1431;0
1432;0
1433;0
1434;0
1435;0
1436;0
1437;0
1438;0
1439;0
1440;0
1441;0
1442;0
1443;0
1444;0
1445;0
1446;0
1447;0
1448;0
1449;0
1450;0
1451;0
1452;0
1453;0
1454;0
1455;0
1456;0
1457;0
1458;0
1459;0
1460;0
1461;0
1462;0
1463;0
1464;0
1465;0
1466;0
1467;0
1468;0
1469;0
1470;0
1471;0
1472;0
1473;0
1474;0
1475;0
1476;0
1477;0
1478;0
1479;0
1480;0
1481;0
1482;0
1483;0
1484;0
1485;0
1486;0
1487;0
1488;0
1489;0
1490;0
1491;0
1492;0
1493;0
1494;0
1495;0
1496;0
1497;0
1498;0
1499;0
1500;0
1501;0
1502;0
1503;0
1504;0
1505;0
1506;0
1507;0
1508;0
1509;0
1510;0
1511;0
1512;0
1513;0
1514;0
1515;0
1516;0
1517;0
1518;0
1519;0
1520;0
1521;0
1522;0
1523;0
1524;0
1525;0
1526;0
1527;0
1528;0
1529;0
1530;0
1531;0
1532;0
1533;0
1534;0
1535;0
1536;0
1537;0
1538;0
1539;0
1540;0
1541;0
1542;0
1543;0
1544;0
1545;0
1546;0
1547;0
1548;0
1549;0
1550;0
1551;0
1552;0
1553;0
1554;0
1555;0
1556;0
1557;0
1558;0
1559;0
1560;0
1561;0
1562;0
1563;0
1564;0
1565;0
1566;0
1567;0
1568;0
1569;0
1570;0
1571;0
1572;0
1573;0
1574;0
1575;0
1576;0
1577;0
1578;0
1579;0
1580;0
1581;0
1582;0
1583;0
1584;0
1585;0
1586;0
1587;0
1588;0
1589;0
1590;0
1591;0
1592;0
1593;0
1594;0
1595;0
1596;0
1597;0
1598;0
1599;0
1600;0
1601;0
1602;0
1603;0
1604;0
1605;0
1606;0
1607;0
1608;0
1609;0
1610;0
1611;0
1612;0
1613;0
1614;0
1615;0
1616;0
1617;0
1618;0
1619;0
1620;0
1621;0
1622;0
1623;0
1624;0
1625;0
1626;0
1627;0
1628;0
1629;0
1630;0
1631;0
1632;0
1633;0
1634;0
1635;0
1636;0
1637;0
1638;0
1639;0
1640;0
1641;0
1642;0
1643;0
1644;0
1645;0
1646;0
1647;0
1648;0
1649;0
1650;0
1651;0
1652;0
1653;0
1654;0
1655;0
1656;0
1657;0
1658;0
1659;0
1660;0
1661;0
1662;0
1663;0
1664;0
1665;0
1666;0
1667;0
1668;0
1669;0
1670;0
1671;0
1672;0
1673;0
1674;0
1675;0
1676;0
1677;0
1678;0
1679;0
1680;0
1681;0
1682;0
1683;0
1684;0
1685;0
1686;0
1687;0
1688;0
1689;0
1690;0
1691;0
1692;0
1693;0
1694;0
1695;0
1696;0
1697;0
1698;0
1699;0
1700;0
1701;0
1702;0
1703;0
1704;0
1705;0
1706;0
1707;0
1708;0
1709;0
1710;0
1711;0
1712;0
1713;0
1714;0
1715;0
1716;0
1717;0
1718;0
1719;0
1720;0
1721;0
1722;0
1723;0
1724;0
1725;0
1726;0
1727;0
1728;0
1729;0
1730;0
1731;0
1732;0
1733;0
1734;0
1735;0
1736;0
1737;0
1738;0
1739;0
1740;0
1741;0
1742;0
1743;0
1744;0
1745;0
1746;0
1747;0
1748;0
1749;0
1750;0
1751;0
1752;0
1753;0
1754;0
1755;0
1756;0
1757;0
1758;0
1759;0
1760;0
1761;0
1762;0
1763;0
1764;0
1765;0
1766;0
1767;0
1768;0
1769;0
1770;0
1771;0
1772;0
1773;0
1774;0
1775;0
1776;0
1777;0
1778;0
1779;0
1780;0
1781;0
1782;0
1783;0
1784;0
1785;0
1786;0
1787;0
1788;0
1789;0
1790;0
1791;0
1792;0
1793;0
1794;0
1795;0
1796;0
1797;0
1798;0
1799;0
1800;0
1801;0
1802;0
1803;0
1804;0
1805;0
1806;0
1807;0
1808;0
1809;0
1810;0
1811;0
1812;0
1813;0
1814;0
1815;0
1816;0
1817;0
1818;0
1819;0
1820;0
1821;0
1822;0
1823;0
1824;0
1825;0
1826;0
1827;0
1828;0
1829;0
1830;0
1831;0
1832;0
1833;0
1834;0
1835;0
1836;0
1837;0
1838;0
1839;0
1840;0
1841;0
1842;0
1843;0
1844;0
1845;0
1846;0
1847;0
1848;0
1849;0
1850;0
1851;0
1852;0
1853;0
1854;0
1855;0
1856;0
1857;0
1858;0
1859;0
1860;0
1861;0
1862;0
1863;0
1864;0
1865;0
1866;0
1867;0
1868;0
1869;0
1870;0
1871;0
1872;0
1873;0
1874;0
1875;0
1876;0
1877;0
1878;0
1879;0
1880;0
1881;0
1882;0
1883;0
1884;0
1885;0
1886;0
1887;0
1888;0
1889;0
1890;0
1891;0
1892;0
1893;0
1894;0
1895;0
1896;0
1897;0
1898;0
1899;0
1900;0
1901;0
1902;0
1903;0
1904;0
1905;0
1906;0
1907;0
1908;0
1909;0
1910;0
1911;0
1912;0
1913;0
1914;0
1915;0
1916;0
1917;0
1918;0
1919;0
1920;0
1921;0
1922;0
1923;0
1924;0
1925;0
1926;0
1927;0
1928;0
1929;0
1930;0
1931;0
1932;0
1933;0
1934;0
1935;0
1936;0
1937;0
1938;0
1939;0
1940;0
1941;0
1942;0
1943;0
1944;0
1945;0
1946;0
1947;0
1948;0
1949;0
1950;0
1951;0
1952;0
1953;0
1954;0
1955;0
1956;0
1957;0
1958;0
1959;0
1960;0
1961;0
1962;0
1963;0
1964;0
1965;0
1966;0
1967;0
1968;0
1969;0
1970;0
1971;0
1972;0
1973;0
1974;0
1975;0
1976;0
1977;0
1978;0
1979;0
1980;0
1981;0
1982;0
1983;0
1984;0
1985;0
1986;0
1987;0
1988;0
1989;0
1990;0
1991;0
1992;0
1993;0
1994;0
1995;0
1996;0
1997;0
1998;0
1999;0
2000;0
2001;0
2002;0
2003;0
2004;0
2005;0
2006;0
2007;0
2008;0
2009;0
2010;0
2011;0
2012;0
2013;0
2014;0
2015;0
2016;0
2017;0
2018;0
2019;0
2020;0
2021;0
2022;0
2023;0
2024;0
2025;0
2026;0
2027;0
2028;0
2029;0
2030;0
2031;0
2032;0
2033;0
2034;0
2035;0
2036;0
2037;0
2038;0
2039;0
2040;0
2041;0
2042;0
2043;0
2044;0
2045;0
2046;0
2047;0
0;1
2047;1
0;2
2047;2
0;3
2047;3
0;4
2047;4
0;5
2047;5
0;6
2047;6
0;7
2047;7
0;8
2047;8
0;9
2047;9
0;10
2047;10
0;11
2047;11
0;12
2047;12
0;13
2047;13
0;14
2047;14
0;15
2047;15
0;16
2047;16
0;17
2047;17
0;18
2047;18
0;19
2047;19
0;20
2047;20
0;21
2047;21
0;22
2047;22
0;23
2047;23
0;24
2047;24
0;25
2047;25
0;26
2047;26
0;27
2047;27
0;28
2047;28
0;29
2047;29
0;30
2047;30
0;31
2047;31
0;32
2047;32
0;33
2047;33
0;34
2047;34
0;35
2047;35
0;36
2047;36
0;37
2047;37
0;38
2047;38
0;39
2047;39
0;40
2047;40
0;41
2047;41
0;42
2047;42
0;43
2047;43
0;44
2047;44
0;45
2047;45
0;46
2047;46
0;47
2047;47
0;48
2047;48
0;49
2047;49
0;50
2047;50
0;51
2047;51
0;52
2047;52
0;53
2047;53
0;54
2047;54
0;55
2047;55
0;56
2047;56
0;57
2047;57
0;58
2047;58
0;59
2047;59
0;60
2047;60
0;61
2047;61
0;62
2047;62
0;63
2047;63
0;64
2047;64
0;65
2047;65
0;66
2047;66
0;67
2047;67
0;68
2047;68
0;69
2047;69
0;70
2047;70
0;71
2047;71
0;72
2047;72
0;73
2047;73
0;74
2047;74
0;75
2047;75
0;76
2047;76
0;77
2047;77
0;78
2047;78
0;79
2047;79
0;80
2047;80
0;81
2047;81
0;82
2047;82
0;83
2047;83
0;84
2047;84
0;85
2047;85
0;86
2047;86
0;87
2047;87
0;88
2047;88
0;89
2047;89
0;90
2047;90
0;91
2047;91
0;92
2047;92
0;93
2047;93
0;94
2047;94
0;95
2047;95
0;96
2047;96
0;97
2047;97
0;98
2047;98
0;99
2047;99
0;100
2047;100
0;101
2047;101
0;102
2047;102
0;103
2047;103
0;104
2047;104
0;105
2047;105
0;106
2047;106
0;107
2047;107
0;108
2047;108
0;109
2047;109
0;110
2047;110
0;111
2047;111
0;112
2047;112
0;113
2047;113
0;114
2047;114
0;115
2047;115
0;116
2047;116
0;117
2047;117
0;118
2047;118
0;119
2047;119
0;120
2047;120
0;121
2047;121
0;122
2047;122
0;123
2047;123
0;124
2047;124
0;125
2047;125
0;126
2047;126
0;127
2047;127
0;128
2047;128
0;129
2047;129
0;130
2047;130
0;131
2047;131
0;132
2047;132
0;133
2047;133
0;134
2047;134
0;135
2047;135
0;136
2047;136
0;137
2047;137
0;138
2047;138
0;139
2047;139
0;140
2047;140
0;141
2047;141
0;142
2047;142
0;143
2047;143
0;144
2047;144
0;145
2047;145
0;146
2047;146
0;147
2047;147
0;148
2047;148
0;149
2047;149
0;150
2047;150
0;151
2047;151
0;152
2047;152
0;153
2047;153
0;154
2047;154
0;155
2047;155
0;156
2047;156
0;157
2047;157
0;158
2047;158
0;159
2047;159
0;160
2047;160
0;161
2047;161
0;162
2047;162
0;163
2047;163
0;164
2047;164
0;165
2047;165
0;166
2047;166
0;167
2047;167
0;168
2047;168
0;169
2047;169
0;170
2047;170
0;171
2047;171
0;172
2047;172
0;173
2047;173
0;174
2047;174
0;175
2047;175
0;176
2047;176
0;177
2047;177
0;178
2047;178
0;179
2047;179
0;180
2047;180
0;181
2047;181
0;182
2047;182
0;183
2047;183
0;184
2047;184
0;185
2047;185
0;186
2047;186
0;187
2047;187
0;188
2047;188
0;189
2047;189
0;190
2047;190
0;191
2047;191
0;192
2047;192
0;193
2047;193
0;194
2047;194
0;195
2047;195
0;196
2047;196
0;197
2047;197
0;198
2047;198
0;199
2047;199
0;200
2047;200
0;201
2047;201
0;202
2047;202
0;203
2047;203
0;204
2047;204
0;205
2047;205
0;206
2047;206
0;207
2047;207
0;208
2047;208
0;209
2047;209
0;210
2047;210
0;211
2047;211
0;212
2047;212
0;213
2047;213
0;214
2047;214
0;215
2047;215
0;216
2047;216
0;217
2047;217
0;218
2047;218
0;219
2047;219
0;220
2047;220
0;221
2047;221
0;222
2047;222
0;223
2047;223
0;224
2047;224
0;225
2047;225
0;226
2047;226
0;227
2047;227
0;228
2047;228
0;229
2047;229
0;230
2047;230
0;231
2047;231
0;232
2047;232
0;233
2047;233
0;234
2047;234
0;235
2047;235
0;236
2047;236
0;237
2047;237
0;238
2047;238
0;239
2047;239
0;240
2047;240
0;241
2047;241
0;242
2047;242
0;243
2047;243
0;244
2047;244
0;245
2047;245
0;246
2047;246
0;247
2047;247
0;248
2047;248
0;249
2047;249
0;250
2047;250
0;251
2047;251
0;252
2047;252
0;253
2047;253
0;254
2047;254
0;255
2047;255
0;256
2047;256
0;257
2047;257
0;258
2047;258
0;259
2047;259
0;260
2047;260
0;261
2047;261
0;262
2047;262
0;263
2047;263
0;264
2047;264
0;265
2047;265
0;266
2047;266
0;267
2047;267
0;268
2047;268
0;269
2047;269
0;270
2047;270
0;271
2047;271
0;272
2047;272
0;273
2047;273
0;274
2047;274
0;275
2047;275
0;276
2047;276
0;277
2047;277
0;278
2047;278
0;279
2047;279
0;280
2047;280
0;281
2047;281
0;282
2047;282
0;283
2047;283
0;284
2047;284
0;285
2047;285
0;286
2047;286
0;287
2047;287
0;288
2047;288
0;289
2047;289
0;290
2047;290
0;291
2047;291
0;292
2047;292
0;293
2047;293
0;294
2047;294
0;295
2047;295
0;296
2047;296
0;297
2047;297
0;298
2047;298
0;299
2047;299
0;300
2047;300
0;301
2047;301
0;302
2047;302
0;303
2047;303
0;304
2047;304
0;305
2047;305
0;306
2047;306
0;307
2047;307
0;308
2047;308
0;309
2047;309
0;310
2047;310
0;311
2047;311
0;312
2047;312
0;313
2047;313
0;314
2047;314
0;315
2047;315
0;316
2047;316
0;317
2047;317
0;318
2047;318
0;319
2047;319
0;320
2047;320
0;321
2047;321
0;322
2047;322
0;323
2047;323
0;324
2047;324
0;325
2047;325
0;326
2047;326
0;327
2047;327
0;328
2047;328
0;329
2047;329
0;330
2047;330
0;331
2047;331
0;332
2047;332
0;333
2047;333
0;334
2047;334
0;335
2047;335
0;336
2047;336
0;337
2047;337
0;338
2047;338
0;339
2047;339
0;340
2047;340
0;341
2047;341
0;342
2047;342
0;343
2047;343
0;344
2047;344
0;345
2047;345
0;346
2047;346
0;347
2047;347
0;348
2047;348
0;349
2047;349
0;350
2047;350
0;351
2047;351
0;352
2047;352
0;353
2047;353
0;354
2047;354
0;355
2047;355
0;356
2047;356
0;357
2047;357
0;358
2047;358
0;359
2047;359
0;360
2047;360
0;361
2047;361
0;362
2047;362
0;363
2047;363
0;364
2047;364
0;365
2047;365
0;366
2047;366
0;367
2047;367
0;368
2047;368
0;369
2047;369
0;370
2047;370
0;371
2047;371
0;372
2047;372
0;373
2047;373
0;374
2047;374
0;375
2047;375
0;376
2047;376
0;377
2047;377
0;378
2047;378
0;379
2047;379
0;380
2047;380
0;381
2047;381
0;382
2047;382
0;383
2047;383
0;384
2047;384
0;385
2047;385
0;386
2047;386
0;387
2047;387
0;388
2047;388
0;389
2047;389
0;390
2047;390
0;391
2047;391
0;392
2047;392
0;393
2047;393
0;394
2047;394
0;395
2047;395
0;396
2047;396
0;397
2047;397
0;398
2047;398
0;399
2047;399
0;400
2047;400
0;401
2047;401
0;402
2047;402
0;403
2047;403
0;404
2047;404
0;405
2047;405
0;406
2047;406
0;407
2047;407
0;408
2047;408
0;409
2047;409
0;410
2047;410
0;411
2047;411
0;412
2047;412
0;413
2047;413
0;414
2047;414
0;415
2047;415
0;416
2047;416
0;417
2047;417
0;418
2047;418
0;419
2047;419
0;420
2047;420
0;421
2047;421
0;422
2047;422
0;423
2047;423
0;424
2047;424
0;425
2047;425
0;426
2047;426
0;427
2047;427
0;428
2047;428
0;429
2047;429
0;430
2047;430
0;431
2047;431
0;432
2047;432
0;433
2047;433
0;434
2047;434
0;435
2047;435
0;436
2047;436
0;437
2047;437
0;438
2047;438
0;439
2047;439
0;440
2047;440
0;441
2047;441
0;442
2047;442
0;443
2047;443
0;444
2047;444
0;445
2047;445
0;446
2047;446
0;447
2047;447
0;448
2047;448
0;449
2047;449
0;450
2047;450
0;451
2047;451
0;452
2047;452
0;453
2047;453
0;454
2047;454
0;455
2047;455
0;456
2047;456
0;457
2047;457
0;458
2047;458
0;459
2047;459
0;460
2047;460
0;461
2047;461
0;462
2047;462
0;463
2047;463
0;464
2047;464
0;465
2047;465
0;466
2047;466
0;467
2047;467
0;468
2047;468
0;469
2047;469
0;470
2047;470
0;471
2047;471
0;472
2047;472
0;473
2047;473
0;474
2047;474
0;475
2047;475
0;476
2047;476
0;477
2047;477
0;478
2047;478
0;479
2047;479
0;480
2047;480
0;481
2047;481
0;482
2047;482
0;483
2047;483
0;484
2047;484
0;485
2047;485
0;486
2047;486
0;487
2047;487
0;488
2047;488
0;489
2047;489
0;490
2047;490
0;491
2047;491
0;492
2047;492
0;493
2047;493
0;494
2047;494
0;495
2047;495
0;496
2047;496
0;497
2047;497
0;498
2047;498
0;499
2047;499
0;500
2047;500
0;501
2047;501
0;502
2047;502
0;503
2047;503
0;504
2047;504
0;505
2047;505
0;506
2047;506
0;507
2047;507
0;508
2047;508
0;509
2047;509
0;510
2047;510
0;511
2047;511
0;512
2047;512
0;513
2047;513
0;514
2047;514
0;515
2047;515
0;516
2047;516
0;517
2047;517
0;518
2047;518
0;519
2047;519
0;520
2047;520
0;521
2047;521
0;522
2047;522
0;523
2047;523
0;524
2047;524
0;525
2047;525
0;526
2047;526
0;527
2047;527
0;528
2047;528
0;529
2047;529
0;530
2047;530
0;531
2047;531
0;532
2047;532
0;533
2047;533
0;534
2047;534
0;535
2047;535
0;536
2047;536
0;537
2047;537
0;538
2047;538
0;539
2047;539
0;540
2047;540
0;541
2047;541
0;542
2047;542
0;543
2047;543
0;544
2047;544
0;545
2047;545
0;546
2047;546
0;547
2047;547
0;548
2047;548
0;549
2047;549
0;550
2047;550
0;551
2047;551
0;552
2047;552
0;553
2047;553
0;554
2047;554
0;555
2047;555
0;556
2047;556
0;557
2047;557
0;558
2047;558
0;559
2047;559
0;560
2047;560
0;561
2047;561
0;562
2047;562
0;563
2047;563
0;564
2047;564
0;565
2047;565
0;566
2047;566
0;567
2047;567
0;568
2047;568
0;569
2047;569
0;570
2047;570
0;571
2047;571
0;572
2047;572
0;573
2047;573
0;574
2047;574
0;575
2047;575
0;576
2047;576
0;577
2047;577
0;578
2047;578
0;579
2047;579
0;580
2047;580
0;581
2047;581
0;582
2047;582
0;583
2047;583
0;584
2047;584
0;585
2047;585
0;586
2047;586
0;587
2047;587
0;588
2047;588
0;589
2047;589
0;590
2047;590
0;591
2047;591
0;592
2047;592
0;593
2047;593
0;594
2047;594
0;595
2047;595
0;596
2047;596
0;597
2047;597
0;598
2047;598
0;599
2047;599
0;600
2047;600
0;601
2047;601
0;602
2047;602
0;603
2047;603
0;604
2047;604
0;605
2047;605
0;606
2047;606
0;607
2047;607
0;608
2047;608
0;609
2047;609
0;610
2047;610
0;611
2047;611
0;612
2047;612
0;613
2047;613
0;614
2047;614
0;615
2047;615
0;616
2047;616
0;617
2047;617
0;618
2047;618
0;619
2047;619
0;620
2047;620
0;621
2047;621
0;622
2047;622
0;623
2047;623
0;624
2047;624
0;625
2047;625
0;626
2047;626
0;627
2047;627
0;628
2047;628
0;629
2047;629
0;630
2047;630
0;631
2047;631
0;632
2047;632
0;633
2047;633
0;634
2047;634
0;635
2047;635
0;636
2047;636
0;637
2047;637
0;638
2047;638
0;639
2047;639
0;640
2047;640
0;641
2047;641
0;642
2047;642
0;643
2047;643
0;644
2047;644
0;645
2047;645
0;646
2047;646
0;647
2047;647
0;648
2047;648
0;649
2047;649
0;650
2047;650
0;651
2047;651
0;652
2047;652
0;653
2047;653
0;654
2047;654
0;655
2047;655
0;656
2047;656
0;657
2047;657
0;658
2047;658
0;659
2047;659
0;660
2047;660
0;661
2047;661
0;662
2047;662
0;663
2047;663
0;664
2047;664
0;665
2047;665
0;666
2047;666
0;667
2047;667
0;668
2047;668
0;669
2047;669
0;670
2047;670
0;671
2047;671
0;672
2047;672
0;673
2047;673
0;674
2047;674
0;675
2047;675
0;676
2047;676
0;677
2047;677
0;678
2047;678
0;679
2047;679
0;680
2047;680
0;681
2047;681
0;682
2047;682
0;683
2047;683
0;684
2047;684
0;685
2047;685
0;686
2047;686
0;687
2047;687
0;688
2047;688
0;689
2047;689
0;690
2047;690
0;691
2047;691
0;692
2047;692
0;693
2047;693
0;694
2047;694
0;695
2047;695
0;696
2047;696
0;697
2047;697
0;698
2047;698
0;699
2047;699
0;700
2047;700
0;701
2047;701
0;702
2047;702
0;703
2047;703
0;704
2047;704
0;705
2047;705
0;706
2047;706
0;707
2047;707
0;708
2047;708
0;709
2047;709
0;710
2047;710
0;711
2047;711
0;712
2047;712
0;713
2047;713
0;714
2047;714
0;715
2047;715
0;716
2047;716
0;717
2047;717
0;718
2047;718
0;719
2047;719
0;720
2047;720
0;721
2047;721
0;722
2047;722
0;723
2047;723
0;724
2047;724
0;725
2047;725
0;726
2047;726
0;727
2047;727
0;728
2047;728
0;729
2047;729
0;730
2047;730
0;731
2047;731
0;732
2047;732
0;733
2047;733
0;734
2047;734
0;735
2047;735
0;736
2047;736
0;737
2047;737
0;738
2047;738
0;739
2047;739
0;740
2047;740
0;741
2047;741
0;742
2047;742
0;743
2047;743
0;744
2047;744
0;745
2047;745
0;746
2047;746
0;747
2047;747
0;748
2047;748
0;749
2047;749
0;750
2047;750
0;751
2047;751
0;752
2047;752
0;753
2047;753
0;754
2047;754
0;755
2047;755
0;756
2047;756
0;757
2047;757
0;758
2047;758
0;759
2047;759
0;760
2047;760
0;761
2047;761
0;762
2047;762
0;763
2047;763
0;764
2047;764
0;765
2047;765
0;766
2047;766
0;767
2047;767
0;768
2047;768
0;769
2047;769
0;770
2047;770
0;771
2047;771
0;772
2047;772
0;773
2047;773
0;774
2047;774
0;775
2047;775
0;776
2047;776
0;777
2047;777
0;778
2047;778
0;779
2047;779
0;780
2047;780
0;781
2047;781
0;782
2047;782
0;783
2047;783
0;784
2047;784
0;785
2047;785
0;786
2047;786
0;787
2047;787
0;788
2047;788
0;789
2047;789
0;790
2047;790
0;791
2047;791
0;792
2047;792
0;793
2047;793
0;794
2047;794
0;795
2047;795
0;796
2047;796
0;797
2047;797
0;798
2047;798
0;799
2047;799
0;800
2047;800
0;801
2047;801
0;802
2047;802
0;803
2047;803
0;804
2047;804
0;805
2047;805
0;806
2047;806
0;807
2047;807
0;808
2047;808
0;809
2047;809
0;810
2047;810
0;811
2047;811
0;812
2047;812
0;813
2047;813
0;814
2047;814
0;815
2047;815
0;816
2047;816
0;817
2047;817
0;818
2047;818
0;819
2047;819
0;820
2047;820
0;821
2047;821
0;822
2047;822
0;823
2047;823
0;824
2047;824
0;825
2047;825
0;826
2047;826
0;827
2047;827
0;828
2047;828
0;829
2047;829
0;830
2047;830
0;831
2047;831
0;832
2047;832
0;833
2047;833
0;834
2047;834
0;835
2047;835
0;836
2047;836
0;837
2047;837
0;838
2047;838
0;839
2047;839
0;840
2047;840
0;841
2047;841
0;842
2047;842
0;843
2047;843
0;844
2047;844
0;845
2047;845
0;846
2047;846
0;847
2047;847
0;848
2047;848
0;849
2047;849
0;850
2047;850
0;851
2047;851
0;852
2047;852
0;853
2047;853
0;854
2047;854
0;855
2047;855
0;856
2047;856
0;857
2047;857
0;858
2047;858
0;859
2047;859
0;860
2047;860
0;861
2047;861
0;862
2047;862
0;863
2047;863
0;864
2047;864
0;865
2047;865
0;866
2047;866
0;867
2047;867
0;868
2047;868
0;869
2047;869
0;870
2047;870
0;871
2047;871
0;872
2047;872
0;873
2047;873
0;874
2047;874
0;875
2047;875
0;876
2047;876
0;877
2047;877
0;878
2047;878
0;879
2047;879
0;880
2047;880
0;881
2047;881
0;882
2047;882
0;883
2047;883
0;884
2047;884
0;885
2047;885
0;886
2047;886
0;887
2047;887
0;888
2047;888
0;889
2047;889
0;890
2047;890
0;891
2047;891
0;892
2047;892
0;893
2047;893
0;894
2047;894
0;895
2047;895
0;896
2047;896
0;897
2047;897
0;898
2047;898
0;899
2047;899
0;900
2047;900
0;901
2047;901
0;902
2047;902
0;903
2047;903
0;904
2047;904
0;905
2047;905
0;906
2047;906
0;907
2047;907
0;908
2047;908
0;909
2047;909
0;910
2047;910
0;911
2047;911
0;912
2047;912
0;913
2047;913
0;914
2047;914
0;915
2047;915
0;916
2047;916
0;917
2047;917
0;918
2047;918
0;919
2047;919
0;920
2047;920
0;921
2047;921
0;922
2047;922
0;923
2047;923
0;924
2047;924
0;925
2047;925
0;926
2047;926
0;927
2047;927
0;928
2047;928
0;929
2047;929
0;930
2047;930
0;931
2047;931
0;932
2047;932
0;933
2047;933
0;934
2047;934
0;935
2047;935
0;936
2047;936
0;937
2047;937
0;938
2047;938
0;939
2047;939
0;940
2047;940
0;941
2047;941
0;942
2047;942
0;943
2047;943
0;944
2047;944
0;945
2047;945
0;946
2047;946
0;947
2047;947
0;948
2047;948
0;949
2047;949
0;950
2047;950
0;951
2047;951
0;952
2047;952
0;953
2047;953
0;954
2047;954
0;955
2047;955
0;956
2047;956
0;957
2047;957
0;958
2047;958
0;959
2047;959
0;960
2047;960
0;961
2047;961
0;962
2047;962
0;963
2047;963
0;964
2047;964
0;965
2047;965
0;966
2047;966
0;967
2047;967
0;968
2047;968
0;969
2047;969
0;970
2047;970
0;971
2047;971
0;972
2047;972
0;973
2047;973
0;974
2047;974
0;975
2047;975
0;976
2047;976
0;977
2047;977
0;978
2047;978
0;979
2047;979
0;980
2047;980
0;981
2047;981
0;982
2047;982
0;983
2047;983
0;984
2047;984
0;985
2047;985
0;986
2047;986
0;987
2047;987
0;988
2047;988
0;989
2047;989
0;990
2047;990
0;991
2047;991
0;992
2047;992
0;993
2047;993
0;994
2047;994
0;995
2047;995
0;996
2047;996
0;997
2047;997
0;998
2047;998
0;999
2047;999
0;1000
2047;1000
0;1001
2047;1001
0;1002
2047;1002
0;1003
2047;1003
0;1004
2047;1004
0;1005
2047;1005
0;1006
2047;1006
0;1007
2047;1007
0;1008
2047;1008
0;1009
2047;1009
0;1010
2047;1010
0;1011
2047;1011
0;1012
2047;1012
0;1013
2047;1013
0;1014
2047;1014
0;1015
2047;1015
0;1016
2047;1016
0;1017
2047;1017
0;1018
2047;1018
0;1019
2047;1019
0;1020
2047;1020
0;1021
2047;1021
0;1022
2047;1022
0;1023
2047;1023
0;1024
2047;1024
0;1025
2047;1025
0;1026
2047;1026
0;1027
2047;1027
0;1028
2047;1028
0;1029
2047;1029
0;1030
2047;1030
0;1031
2047;1031
0;1032
2047;1032
0;1033
2047;1033
0;1034
2047;1034
0;1035
2047;1035
0;1036
2047;1036
0;1037
2047;1037
0;1038
2047;1038
0;1039
2047;1039
0;1040
2047;1040
0;1041
2047;1041
0;1042
2047;1042
0;1043
2047;1043
0;1044
2047;1044
0;1045
2047;1045
0;1046
2047;1046
0;1047
2047;1047
0;1048
2047;1048
0;1049
2047;1049
0;1050
2047;1050
0;1051
2047;1051
0;1052
2047;1052
0;1053
2047;1053
0;1054
2047;1054
0;1055
2047;1055
0;1056
2047;1056
0;1057
2047;1057
0;1058
2047;1058
0;1059
2047;1059
0;1060
2047;1060
0;1061
2047;1061
0;1062
2047;1062
0;1063
2047;1063
0;1064
2047;1064
0;1065
2047;1065
0;1066
2047;1066
0;1067
2047;1067
0;1068
2047;1068
0;1069
2047;1069
0;1070
2047;1070
0;1071
2047;1071
0;1072
2047;1072
0;1073
2047;1073
0;1074
2047;1074
0;1075
2047;1075
0;1076
2047;1076
0;1077
2047;1077
0;1078
2047;1078
0;1079
2047;1079
0;1080
2047;1080
0;1081
2047;1081
0;1082
2047;1082
0;1083
2047;1083
0;1084
2047;1084
0;1085
2047;1085
0;1086
2047;1086
0;1087
2047;1087
0;1088
2047;1088
0;1089
2047;1089
0;1090
2047;1090
0;1091
2047;1091
0;1092
2047;1092
0;1093
2047;1093
0;1094
2047;1094
0;1095
2047;1095
0;1096
2047;1096
0;1097
2047;1097
0;1098
2047;1098
0;1099
2047;1099
0;1100
2047;1100
0;1101
2047;1101
0;1102
2047;1102
0;1103
2047;1103
0;1104
2047;1104
0;1105
2047;1105
0;1106
2047;1106
0;1107
2047;1107
0;1108
2047;1108
0;1109
2047;1109
0;1110
2047;1110
0;1111
2047;1111
0;1112
2047;1112
0;1113
2047;1113
0;1114
2047;1114
0;1115
2047;1115
0;1116
2047;1116
0;1117
2047;1117
0;1118
2047;1118
0;1119
2047;1119
0;1120
2047;1120
0;1121
2047;1121
0;1122
2047;1122
0;1123
2047;1123
0;1124
2047;1124
0;1125
2047;1125
0;1126
2047;1126
0;1127
2047;1127
0;1128
2047;1128
0;1129
2047;1129
0;1130
2047;1130
0;1131
2047;1131
0;1132
2047;1132
0;1133
2047;1133
0;1134
2047;1134
0;1135
2047;1135
0;1136
2047;1136
0;1137
2047;1137
0;1138
2047;1138
0;1139
2047;1139
0;1140
2047;1140
0;1141
2047;1141
0;1142
2047;1142
0;1143
2047;1143
0;1144
2047;1144
0;1145
2047;1145
0;1146
2047;1146
0;1147
2047;1147
0;1148
2047;1148
0;1149
2047;1149
0;1150
2047;1150
0;1151
2047;1151
0;1152
2047;1152
0;1153
2047;1153
0;1154
2047;1154
0;1155
2047;1155
0;1156
2047;1156
0;1157
2047;1157
0;1158
2047;1158
0;1159
2047;1159
0;1160
2047;1160
0;1161
2047;1161
0;1162
2047;1162
0;1163
2047;1163
0;1164
2047;1164
0;1165
2047;1165
0;1166
2047;1166
0;1167
2047;1167
0;1168
2047;1168
0;1169
2047;1169
0;1170
2047;1170
0;1171
2047;1171
0;1172
2047;1172
0;1173
2047;1173
0;1174
2047;1174
0;1175
2047;1175
0;1176
2047;1176
0;1177
2047;1177
0;1178
2047;1178
0;1179
2047;1179
0;1180
2047;1180
0;1181
2047;1181
0;1182
2047;1182
0;1183
2047;1183
0;1184
2047;1184
0;1185
2047;1185
0;1186
2047;1186
0;1187
2047;1187
0;1188
2047;1188
0;1189
2047;1189
0;1190
2047;1190
0;1191
2047;1191
0;1192
2047;1192
0;1193
2047;1193
0;1194
2047;1194
0;1195
2047;1195
0;1196
2047;1196
0;1197
2047;1197
0;1198
2047;1198
0;1199
2047;1199
0;1200
2047;1200
0;1201
2047;1201
0;1202
2047;1202
0;1203
2047;1203
0;1204
2047;1204
0;1205
2047;1205
0;1206
2047;1206
0;1207
2047;1207
0;1208
2047;1208
0;1209
2047;1209
0;1210
2047;1210
0;1211
2047;1211
0;1212
2047;1212
0;1213
2047;1213
0;1214
2047;1214
0;1215
2047;1215
0;1216
2047;1216
0;1217
2047;1217
0;1218
2047;1218
0;1219
2047;1219
0;1220
2047;1220
0;1221
2047;1221
0;1222
2047;1222
0;1223
2047;1223
0;1224
2047;1224
0;1225
2047;1225
0;1226
2047;1226
0;1227
2047;1227
0;1228
2047;1228
0;1229
2047;1229
0;1230
2047;1230
0;1231
2047;1231
0;1232
2047;1232
0;1233
2047;1233
0;1234
2047;1234
0;1235
2047;1235
0;1236
2047;1236
0;1237
2047;1237
0;1238
2047;1238
0;1239
2047;1239
0;1240
2047;1240
0;1241
2047;1241
0;1242
2047;1242
0;1243
2047;1243
0;1244
2047;1244
0;1245
2047;1245
0;1246
2047;1246
0;1247
2047;1247
0;1248
2047;1248
0;1249
2047;1249
0;1250
2047;1250
0;1251
2047;1251
0;1252
2047;1252
0;1253
2047;1253
0;1254
2047;1254
0;1255
2047;1255
0;1256
2047;1256
0;1257
2047;1257
0;1258
2047;1258
0;1259
2047;1259
0;1260
2047;1260
0;1261
2047;1261
0;1262
2047;1262
0;1263
2047;1263
0;1264
2047;1264
0;1265
2047;1265
0;1266
2047;1266
0;1267
2047;1267
0;1268
2047;1268
0;1269
2047;1269
0;1270
2047;1270
0;1271
2047;1271
0;1272
2047;1272
0;1273
2047;1273
0;1274
2047;1274
0;1275
2047;1275
0;1276
2047;1276
0;1277
2047;1277
0;1278
2047;1278
0;1279
2047;1279
0;1280
2047;1280
0;1281
2047;1281
0;1282
2047;1282
0;1283
2047;1283
0;1284
2047;1284
0;1285
2047;1285
0;1286
2047;1286
0;1287
2047;1287
0;1288
2047;1288
0;1289
2047;1289
0;1290
2047;1290
0;1291
2047;1291
0;1292
2047;1292
0;1293
2047;1293
0;1294
2047;1294
0;1295
2047;1295
0;1296
2047;1296
0;1297
2047;1297
0;1298
2047;1298
0;1299
2047;1299
0;1300
2047;1300
0;1301
2047;1301
0;1302
2047;1302
0;1303
2047;1303
0;1304
2047;1304
0;1305
2047;1305
0;1306
2047;1306
0;1307
2047;1307
0;1308
2047;1308
0;1309
2047;1309
0;1310
2047;1310
0;1311
2047;1311
0;1312
2047;1312
0;1313
2047;1313
0;1314
2047;1314
0;1315
2047;1315
0;1316
2047;1316
0;1317
2047;1317
0;1318
2047;1318
0;1319
2047;1319
0;1320
2047;1320
0;1321
2047;1321
0;1322
2047;1322
0;1323
2047;1323
0;1324
2047;1324
0;1325
2047;1325
0;1326
2047;1326
0;1327
2047;1327
0;1328
2047;1328
0;1329
2047;1329
0;1330
2047;1330
0;1331
2047;1331
0;1332
2047;1332
0;1333
2047;1333
0;1334
2047;1334
0;1335
2047;1335
0;1336
2047;1336
0;1337
2047;1337
0;1338
2047;1338
0;1339
2047;1339
0;1340
2047;1340
0;1341
2047;1341
0;1342
2047;1342
0;1343
2047;1343
0;1344
2047;1344
0;1345
2047;1345
0;1346
2047;1346
0;1347
2047;1347
0;1348
2047;1348
0;1349
2047;1349
0;1350
2047;1350
0;1351
2047;1351
0;1352
2047;1352
0;1353
2047;1353
0;1354
2047;1354
0;1355
2047;1355
0;1356
2047;1356
0;1357
2047;1357
0;1358
2047;1358
0;1359
2047;1359
0;1360
2047;1360
0;1361
2047;1361
0;1362
2047;1362
0;1363
2047;1363
0;1364
2047;1364
0;1365
2047;1365
0;1366
2047;1366
0;1367
2047;1367
0;1368
2047;1368
0;1369
2047;1369
0;1370
2047;1370
0;1371
2047;1371
0;1372
2047;1372
0;1373
2047;1373
0;1374
2047;1374
0;1375
2047;1375
0;1376
2047;1376
0;1377
2047;1377
0;1378
2047;1378
0;1379
2047;1379
0;1380
2047;1380
0;1381
2047;1381
0;1382
2047;1382
0;1383
2047;1383
0;1384
2047;1384
0;1385
2047;1385
0;1386
2047;1386
0;1387
2047;1387
0;1388
2047;1388
0;1389
2047;1389
0;1390
2047;1390
0;1391
2047;1391
0;1392
2047;1392
0;1393
2047;1393
0;1394
2047;1394
0;1395
2047;1395
0;1396
2047;1396
0;1397
2047;1397
0;1398
2047;1398
0;1399
2047;1399
0;1400
2047;1400
0;1401
2047;1401
0;1402
2047;1402
0;1403
2047;1403
0;1404
2047;1404
0;1405
2047;1405
0;1406
2047;1406
0;1407
2047;1407
0;1408
2047;1408
0;1409
2047;1409
0;1410
2047;1410
0;1411
2047;1411
0;1412
2047;1412
0;1413
2047;1413
0;1414
2047;1414
0;1415
2047;1415
0;1416
2047;1416
0;1417
2047;1417
0;1418
2047;1418
0;1419
2047;1419
0;1420
2047;1420
0;1421
2047;1421
0;1422
2047;1422
0;1423
2047;1423
0;1424
2047;1424
0;1425
2047;1425
0;1426
2047;1426
0;1427
2047;1427
0;1428
2047;1428
0;1429
2047;1429
0;1430
2047;1430
0;1431
2047;1431
0;1432
2047;1432
0;1433
2047;1433
0;1434
2047;1434
0;1435
2047;1435
0;1436
2047;1436
0;1437
2047;1437
0;1438
2047;1438
0;1439
2047;1439
0;1440
2047;1440
0;1441
2047;1441
0;1442
2047;1442
0;1443
2047;1443
0;1444
2047;1444
0;1445
2047;1445
0;1446
2047;1446
0;1447
2047;1447
0;1448
2047;1448
0;1449
2047;1449
0;1450
2047;1450
0;1451
2047;1451
0;1452
2047;1452
0;1453
2047;1453
0;1454
2047;1454
0;1455
2047;1455
0;1456
2047;1456
0;1457
2047;1457
0;1458
2047;1458
0;1459
2047;1459
0;1460
2047;1460
0;1461
2047;1461
0;1462
2047;1462
0;1463
2047;1463
0;1464
2047;1464
0;1465
2047;1465
0;1466
2047;1466
0;1467
2047;1467
0;1468
2047;1468
0;1469
2047;1469
0;1470
2047;1470
0;1471
2047;1471
0;1472
2047;1472
0;1473
2047;1473
0;1474
2047;1474
0;1475
2047;1475
0;1476
2047;1476
0;1477
2047;1477
0;1478
2047;1478
0;1479
2047;1479
0;1480
2047;1480
0;1481
2047;1481
0;1482
2047;1482
0;1483
2047;1483
0;1484
2047;1484
0;1485
2047;1485
0;1486
2047;1486
0;1487
2047;1487
0;1488
2047;1488
0;1489
2047;1489
0;1490
2047;1490
0;1491
2047;1491
0;1492
2047;1492
0;1493
2047;1493
0;1494
2047;1494
0;1495
2047;1495
0;1496
2047;1496
0;1497
2047;1497
0;1498
2047;1498
0;1499
2047;1499
0;1500
2047;1500
0;1501
2047;1501
0;1502
2047;1502
0;1503
2047;1503
0;1504
2047;1504
0;1505
2047;1505
0;1506
2047;1506
0;1507
2047;1507
0;1508
2047;1508
0;1509
2047;1509
0;1510
2047;1510
0;1511
2047;1511
0;1512
2047;1512
0;1513
2047;1513
0;1514
2047;1514
0;1515
2047;1515
0;1516
2047;1516
0;1517
2047;1517
0;1518
2047;1518
0;1519
2047;1519
0;1520
2047;1520
0;1521
2047;1521
0;1522
2047;1522
0;1523
2047;1523
0;1524
2047;1524
0;1525
2047;1525
0;1526
2047;1526
0;1527
2047;1527
0;1528
2047;1528
0;1529
2047;1529
0;1530
2047;1530
0;1531
1;1531
2;1531
3;1531
4;1531
5;1531
6;1531
7;1531
8;1531
9;1531
10;1531
11;1531
12;1531
13;1531
14;1531
15;1531
16;1531
17;1531
18;1531
19;1531
20;1531
21;1531
22;1531
23;1531
24;1531
25;1531
26;1531
27;1531
28;1531
29;1531
30;1531
31;1531
32;1531
33;1531
34;1531
35;1531
36;1531
37;1531
38;1531
39;1531
40;1531
41;1531
42;1531
43;1531
44;1531
45;1531
46;1531
47;1531
48;1531
49;1531
50;1531
51;1531
52;1531
53;1531
54;1531
55;1531
56;1531
57;1531
58;1531
59;1531
60;1531
61;1531
62;1531
63;1531
64;1531
65;1531
66;1531
67;1531
68;1531
69;1531
70;1531
71;1531
72;1531
73;1531
74;1531
75;1531
76;1531
77;1531
78;1531
79;1531
80;1531
81;1531
82;1531
83;1531
84;1531
85;1531
86;1531
87;1531
88;1531
89;1531
90;1531
91;1531
92;1531
93;1531
94;1531
95;1531
96;1531
97;1531
98;1531
99;1531
100;1531
101;1531
102;1531
103;1531
104;1531
105;1531
106;1531
107;1531
108;1531
109;1531
110;1531
111;1531
112;1531
113;1531
114;1531
115;1531
116;1531
117;1531
118;1531
119;1531
120;1531
121;1531
122;1531
123;1531
124;1531
125;1531
126;1531
127;1531
128;1531
129;1531
130;1531
131;1531
132;1531
133;1531
134;1531
135;1531
136;1531
137;1531
138;1531
139;1531
140;1531
141;1531
142;1531
143;1531
144;1531
145;1531
146;1531
147;1531
148;1531
149;1531
150;1531
151;1531
152;1531
153;1531
154;1531
155;1531
156;1531
157;1531
158;1531
159;1531
160;1531
161;1531
162;1531
163;1531
164;1531
165;1531
166;1531
167;1531
168;1531
169;1531
170;1531
171;1531
172;1531
173;1531
174;1531
175;1531
176;1531
177;1531
178;1531
179;1531
180;1531
181;1531
182;1531
183;1531
184;1531
185;1531
186;1531
187;1531
188;1531
189;1531
190;1531
191;1531
192;1531
193;1531
194;1531
195;1531
196;1531
197;1531
198;1531
199;1531
200;1531
201;1531
202;1531
203;1531
204;1531
205;1531
206;1531
207;1531
208;1531
209;1531
210;1531
211;1531
212;1531
213;1531
214;1531
215;1531
216;1531
217;1531
218;1531
219;1531
220;1531
221;1531
222;1531
223;1531
224;1531
225;1531
226;1531
227;1531
228;1531
229;1531
230;1531
231;1531
232;1531
233;1531
234;1531
235;1531
236;1531
237;1531
238;1531
239;1531
240;1531
241;1531
242;1531
243;1531
244;1531
245;1531
246;1531
247;1531
248;1531
249;1531
250;1531
251;1531
252;1531
253;1531
254;1531
255;1531
256;1531
257;1531
258;1531
259;1531
260;1531
261;1531
262;1531
263;1531
264;1531
265;1531
266;1531
267;1531
268;1531
269;1531
270;1531
271;1531
272;1531
273;1531
274;1531
275;1531
276;1531
277;1531
278;1531
279;1531
280;1531
281;1531
282;1531
283;1531
284;1531
285;1531
286;1531
287;1531
288;1531
289;1531
290;1531
291;1531
292;1531
293;1531
294;1531
295;1531
296;1531
297;1531
298;1531
299;1531
300;1531
301;1531
302;1531
303;1531
304;1531
305;1531
306;1531
307;1531
308;1531
309;1531
310;1531
311;1531
312;1531
313;1531
314;1531
315;1531
316;1531
317;1531
318;1531
319;1531
320;1531
321;1531
322;1531
323;1531
324;1531
325;1531
326;1531
327;1531
328;1531
329;1531
330;1531
331;1531
332;1531
333;1531
334;1531
335;1531
336;1531
337;1531
338;1531
339;1531
340;1531
341;1531
342;1531
343;1531
344;1531
345;1531
346;1531
347;1531
348;1531
349;1531
350;1531
351;1531
352;1531
353;1531
354;1531
355;1531
356;1531
357;1531
358;1531
359;1531
360;1531
361;1531
362;1531
363;1531
364;1531
365;1531
366;1531
367;1531
368;1531
369;1531
370;1531
371;1531
372;1531
373;1531
374;1531
375;1531
376;1531
377;1531
378;1531
379;1531
380;1531
381;1531
382;1531
383;1531
384;1531
385;1531
386;1531
387;1531
388;1531
389;1531
390;1531
391;1531
392;1531
393;1531
394;1531
395;1531
396;1531
397;1531
398;1531
399;1531
400;1531
401;1531
402;1531
403;1531
404;1531
405;1531
406;1531
407;1531
408;1531
409;1531
410;1531
411;1531
412;1531
413;1531
414;1531
415;1531
416;1531
417;1531
418;1531
419;1531
420;1531
421;1531
422;1531
423;1531
424;1531
425;1531
426;1531
427;1531
428;1531
429;1531
430;1531
431;1531
432;1531
433;1531
434;1531
435;1531
436;1531
437;1531
438;1531
439;1531
440;1531
441;1531
442;1531
443;1531
444;1531
445;1531
446;1531
447;1531
448;1531
449;1531
450;1531
451;1531
452;1531
453;1531
454;1531
455;1531
456;1531
457;1531
458;1531
459;1531
460;1531
461;1531
462;1531
463;1531
464;1531
465;1531
466;1531
467;1531
468;1531
469;1531
470;1531
471;1531
472;1531
473;1531
474;1531
475;1531
476;1531
477;1531
478;1531
479;1531
480;1531
481;1531
482;1531
483;1531
484;1531
485;1531
486;1531
487;1531
488;1531
489;1531
490;1531
491;1531
492;1531
493;1531
494;1531
495;1531
496;1531
497;1531
498;1531
499;1531
500;1531
501;1531
502;1531
503;1531
504;1531
505;1531
506;1531
507;1531
508;1531
509;1531
510;1531
511;1531
512;1531
513;1531
514;1531
515;1531
516;1531
517;1531
518;1531
519;1531
520;1531
521;1531
522;1531
523;1531
524;1531
525;1531
526;1531
527;1531
528;1531
529;1531
530;1531
531;1531
532;1531
533;1531
534;1531
535;1531
536;1531
537;1531
538;1531
539;1531
540;1531
541;1531
542;1531
543;1531
544;1531
545;1531
546;1531
547;1531
548;1531
549;1531
550;1531
551;1531
552;1531
553;1531
554;1531
555;1531
556;1531
557;1531
558;1531
559;1531
560;1531
561;1531
562;1531
563;1531
564;1531
565;1531
566;1531
567;1531
568;1531
569;1531
570;1531
571;1531
572;1531
573;1531
574;1531
575;1531
576;1531
577;1531
578;1531
579;1531
580;1531
581;1531
582;1531
583;1531
584;1531
585;1531
586;1531
587;1531
588;1531
589;1531
590;1531
591;1531
592;1531
593;1531
594;1531
595;1531
596;1531
597;1531
598;1531
599;1531
600;1531
601;1531
602;1531
603;1531
604;1531
605;1531
606;1531
607;1531
608;1531
609;1531
610;1531
611;1531
612;1531
613;1531
614;1531
615;1531
616;1531
617;1531
618;1531
619;1531
620;1531
621;1531
622;1531
623;1531
624;1531
625;1531
626;1531
627;1531
628;1531
629;1531
630;1531
631;1531
632;1531
633;1531
634;1531
635;1531
636;1531
637;1531
638;1531
639;1531
640;1531
641;1531
642;1531
643;1531
644;1531
645;1531
646;1531
647;1531
648;1531
649;1531
650;1531
651;1531
652;1531
653;1531
654;1531
655;1531
656;1531
657;1531
658;1531
659;1531
660;1531
661;1531
662;1531
663;1531
664;1531
665;1531
666;1531
667;1531
668;1531
669;1531
670;1531
671;1531
672;1531
673;1531
674;1531
675;1531
676;1531
677;1531
678;1531
679;1531
680;1531
681;1531
682;1531
683;1531
684;1531
685;1531
686;1531
687;1531
688;1531
689;1531
690;1531
691;1531
692;1531
693;1531
694;1531
695;1531
696;1531
697;1531
698;1531
699;1531
700;1531
701;1531
702;1531
703;1531
704;1531
705;1531
706;1531
707;1531
708;1531
709;1531
710;1531
711;1531
712;1531
713;1531
714;1531
715;1531
716;1531
717;1531
718;1531
719;1531
720;1531
721;1531
722;1531
723;1531
724;1531
725;1531
726;1531
727;1531
728;1531
729;1531
730;1531
731;1531
732;1531
733;1531
734;1531
735;1531
736;1531
737;1531
738;1531
739;1531
740;1531
741;1531
742;1531
743;1531
744;1531
745;1531
746;1531
747;1531
748;1531
749;1531
750;1531
751;1531
752;1531
753;1531
754;1531
755;1531
756;1531
757;1531
758;1531
759;1531
760;1531
761;1531
762;1531
763;1531
764;1531
765;1531
766;1531
767;1531
768;1531
769;1531
770;1531
771;1531
772;1531
773;1531
774;1531
775;1531
776;1531
777;1531
778;1531
779;1531
780;1531
781;1531
782;1531
783;1531
784;1531
785;1531
786;1531
787;1531
788;1531
789;1531
790;1531
791;1531
792;1531
793;1531
794;1531
795;1531
796;1531
797;1531
798;1531
799;1531
800;1531
801;1531
802;1531
803;1531
804;1531
805;1531
806;1531
807;1531
808;1531
809;1531
810;1531
811;1531
812;1531
813;1531
814;1531
815;1531
816;1531
817;1531
818;1531
819;1531
820;1531
821;1531
822;1531
823;1531
824;1531
825;1531
826;1531
827;1531
828;1531
829;1531
830;1531
831;1531
832;1531
833;1531
834;1531
835;1531
836;1531
837;1531
838;1531
839;1531
840;1531
841;1531
842;1531
843;1531
844;1531
845;1531
846;1531
847;1531
848;1531
849;1531
850;1531
851;1531
852;1531
853;1531
854;1531
855;1531
856;1531
857;1531
858;1531
859;1531
860;1531
861;1531
862;1531
863;1531
864;1531
865;1531
866;1531
867;1531
868;1531
869;1531
870;1531
871;1531
872;1531
873;1531
874;1531
875;1531
876;1531
877;1531
878;1531
879;1531
880;1531
881;1531
882;1531
883;1531
884;1531
885;1531
886;1531
887;1531
888;1531
889;1531
890;1531
891;1531
892;1531
893;1531
894;1531
895;1531
896;1531
897;1531
898;1531
899;1531
900;1531
901;1531
902;1531
903;1531
904;1531
905;1531
906;1531
907;1531
908;1531
909;1531
910;1531
911;1531
912;1531
913;1531
914;1531
915;1531
916;1531
917;1531
918;1531
919;1531
920;1531
921;1531
922;1531
923;1531
924;1531
925;1531
926;1531
927;1531
928;1531
929;1531
930;1531
931;1531
932;1531
933;1531
934;1531
935;1531
936;1531
937;1531
938;1531
939;1531
940;1531
941;1531
942;1531
943;1531
944;1531
945;1531
946;1531
947;1531
948;1531
949;1531
950;1531
951;1531
952;1531
953;1531
954;1531
955;1531
956;1531
957;1531
958;1531
959;1531
960;1531
961;1531
962;1531
963;1531
964;1531
965;1531
966;1531
967;1531
968;1531
969;1531
970;1531
971;1531
972;1531
973;1531
974;1531
975;1531
976;1531
977;1531
978;1531
979;1531
980;1531
981;1531
982;1531
983;1531
984;1531
985;1531
986;1531
987;1531
988;1531
989;1531
990;1531
991;1531
992;1531
993;1531
994;1531
995;1531
996;1531
997;1531
998;1531
999;1531
1000;1531
1001;1531
1002;1531
1003;1531
1004;1531
1005;1531
1006;1531
1007;1531
1008;1531
1009;1531
1010;1531
1011;1531
1012;1531
1013;1531
1014;1531
1015;1531
1016;1531
1017;1531
1018;1531
1019;1531
1020;1531
1021;1531
1022;1531
1023;1531
1024;1531
1025;1531
1026;1531
1027;1531
1028;1531
1029;1531
1030;1531
1031;1531
1032;1531
1033;1531
1034;1531
1035;1531
1036;1531
1037;1531
1038;1531
1039;1531
1040;1531
1041;1531
1042;1531
1043;1531
1044;1531
1045;1531
1046;1531
1047;1531
1048;1531
1049;1531
1050;1531
1051;1531
1052;1531
1053;1531
1054;1531
1055;1531
1056;1531
1057;1531
1058;1531
1059;1531
1060;1531
1061;1531
1062;1531
1063;1531
1064;1531
1065;1531
1066;1531
1067;1531
1068;1531
1069;1531
1070;1531
1071;1531
1072;1531
1073;1531
1074;1531
1075;1531
1076;1531
1077;1531
1078;1531
1079;1531
1080;1531
1081;1531
1082;1531
1083;1531
1084;1531
1085;1531
1086;1531
1087;1531
1088;1531
1089;1531
1090;1531
1091;1531
1092;1531
1093;1531
1094;1531
1095;1531
1096;1531
1097;1531
1098;1531
1099;1531
1100;1531
1101;1531
1102;1531
1103;1531
1104;1531
1105;1531
1106;1531
1107;1531
1108;1531
1109;1531
1110;1531
1111;1531
1112;1531
1113;1531
1114;1531
1115;1531
1116;1531
1117;1531
1118;1531
1119;1531
1120;1531
1121;1531
1122;1531
1123;1531
1124;1531
1125;1531
1126;1531
1127;1531
1128;1531
1129;1531
1130;1531
1131;1531
1132;1531
1133;1531
1134;1531
1135;1531
1136;1531
1137;1531
1138;1531
1139;1531
1140;1531
1141;1531
1142;1531
1143;1531
1144;1531
1145;1531
1146;1531
1147;1531
1148;1531
1149;1531
1150;1531
1151;1531
1152;1531
1153;1531
1154;1531
1155;1531
1156;1531
1157;1531
1158;1531
1159;1531
1160;1531
1161;1531
1162;1531
1163;1531
1164;1531
1165;1531
1166;1531
1167;1531
1168;1531
1169;1531
1170;1531
1171;1531
1172;1531
1173;1531
1174;1531
1175;1531
1176;1531
1177;1531
1178;1531
1179;1531
1180;1531
1181;1531
1182;1531
1183;1531
1184;1531
1185;1531
1186;1531
1187;1531
1188;1531
1189;1531
1190;1531
1191;1531
1192;1531
1193;1531
1194;1531
1195;1531
1196;1531
1197;1531
1198;1531
1199;1531
1200;1531
1201;1531
1202;1531
1203;1531
1204;1531
1205;1531
1206;1531
1207;1531
1208;1531
1209;1531
1210;1531
1211;1531
1212;1531
1213;1531
1214;1531
1215;1531
1216;1531
1217;1531
1218;1531
1219;1531
1220;1531
1221;1531
1222;1531
1223;1531
1224;1531
1225;1531
1226;1531
1227;1531
1228;1531
1229;1531
1230;1531
1231;1531
1232;1531
1233;1531
1234;1531
1235;1531
1236;1531
1237;1531
1238;1531
1239;1531
1240;1531
1241;1531
1242;1531
1243;1531
1244;1531
1245;1531
1246;1531
1247;1531
1248;1531
1249;1531
1250;1531
1251;1531
1252;1531
1253;1531
1254;1531
1255;1531
1256;1531
1257;1531
1258;1531
1259;1531
1260;1531
1261;1531
1262;1531
1263;1531
1264;1531
1265;1531
1266;1531
1267;1531
1268;1531
1269;1531
1270;1531
1271;1531
1272;1531
1273;1531
1274;1531
1275;1531
1276;1531
1277;1531
1278;1531
1279;1531
1280;1531
1281;1531
1282;1531
1283;1531
1284;1531
1285;1531
1286;1531
1287;1531
1288;1531
1289;1531
1290;1531
1291;1531
1292;1531
1293;1531
1294;1531
1295;1531
1296;1531
1297;1531
1298;1531
1299;1531
1300;1531
1301;1531
1302;1531
1303;1531
1304;1531
1305;1531
1306;1531
1307;1531
1308;1531
1309;1531
1310;1531
1311;1531
1312;1531
1313;1531
1314;1531
1315;1531
1316;1531
1317;1531
1318;1531
1319;1531
1320;1531
1321;1531
1322;1531
1323;1531
1324;1531
1325;1531
1326;1531
1327;1531
1328;1531
1329;1531
1330;1531
1331;1531
1332;1531
1333;1531
1334;1531
1335;1531
1336;1531
1337;1531
1338;1531
1339;1531
1340;1531
1341;1531
1342;1531
1343;1531
1344;1531
1345;1531
1346;1531
1347;1531
1348;1531
1349;1531
1350;1531
1351;1531
1352;1531
1353;1531
1354;1531
1355;1531
1356;1531
1357;1531
1358;1531
1359;1531
1360;1531
1361;1531
1362;1531
1363;1531
1364;1531
1365;1531
1366;1531
1367;1531
1368;1531
1369;1531
1370;1531
1371;1531
1372;1531
1373;1531
1374;1531
1375;1531
1376;1531
1377;1531
1378;1531
1379;1531
1380;1531
1381;1531
1382;1531
1383;1531
1384;1531
1385;1531
1386;1531
1387;1531
1388;1531
1389;1531
1390;1531
1391;1531
1392;1531
1393;1531
1394;1531
1395;1531
1396;1531
1397;1531
1398;1531
1399;1531
1400;1531
1401;1531
1402;1531
1403;1531
1404;1531
1405;1531
1406;1531
1407;1531
1408;1531
1409;1531
1410;1531
1411;1531
1412;1531
1413;1531
1414;1531
1415;1531
1416;1531
1417;1531
1418;1531
1419;1531
1420;1531
1421;1531
1422;1531
1423;1531
1424;1531
1425;1531
1426;1531
1427;1531
1428;1531
1429;1531
1430;1531
1431;1531
1432;1531
1433;1531
1434;1531
1435;1531
1436;1531
1437;1531
1438;1531
1439;1531
1440;1531
1441;1531
1442;1531
1443;1531
1444;1531
1445;1531
1446;1531
1447;1531
1448;1531
1449;1531
1450;1531
1451;1531
1452;1531
1453;1531
1454;1531
1455;1531
1456;1531
1457;1531
1458;1531
1459;1531
1460;1531
1461;1531
1462;1531
1463;1531
1464;1531
1465;1531
1466;1531
1467;1531
1468;1531
1469;1531
1470;1531
1471;1531
1472;1531
1473;1531
1474;1531
1475;1531
1476;1531
1477;1531
1478;1531
1479;1531
1480;1531
1481;1531
1482;1531
1483;1531
1484;1531
1485;1531
1486;1531
1487;1531
1488;1531
1489;1531
1490;1531
1491;1531
1492;1531
1493;1531
1494;1531
1495;1531
1496;1531
1497;1531
1498;1531
1499;1531
1500;1531
1501;1531
1502;1531
1503;1531
1504;1531
1505;1531
1506;1531
1507;1531
1508;1531
1509;1531
1510;1531
1511;1531
1512;1531
1513;1531
1514;1531
1515;1531
1516;1531
1517;1531
1518;1531
1519;1531
1520;1531
1521;1531
1522;1531
1523;1531
1524;1531
1525;1531
1526;1531
1527;1531
1528;1531
1529;1531
1530;1531
1531;1531
1532;1531
1533;1531
1534;1531
1535;1531
1536;1531
1537;1531
1538;1531
1539;1531
1540;1531
1541;1531
1542;1531
1543;1531
1544;1531
1545;1531
1546;1531
1547;1531
1548;1531
1549;1531
1550;1531
1551;1531
1552;1531
1553;1531
1554;1531
1555;1531
1556;1531
1557;1531
1558;1531
1559;1531
1560;1531
1561;1531
1562;1531
1563;1531
1564;1531
1565;1531
1566;1531
1567;1531
1568;1531
1569;1531
1570;1531
1571;1531
1572;1531
1573;1531
1574;1531
1575;1531
1576;1531
1577;1531
1578;1531
1579;1531
1580;1531
1581;1531
1582;1531
1583;1531
1584;1531
1585;1531
1586;1531
1587;1531
1588;1531
1589;1531
1590;1531
1591;1531
1592;1531
1593;1531
1594;1531
1595;1531
1596;1531
1597;1531
1598;1531
1599;1531
1600;1531
1601;1531
1602;1531
1603;1531
1604;1531
1605;1531
1606;1531
1607;1531
1608;1531
1609;1531
1610;1531
1611;1531
1612;1531
1613;1531
1614;1531
1615;1531
1616;1531
1617;1531
1618;1531
1619;1531
1620;1531
1621;1531
1622;1531
1623;1531
1624;1531
1625;1531
1626;1531
1627;1531
1628;1531
1629;1531
1630;1531
1631;1531
1632;1531
1633;1531
1634;1531
1635;1531
1636;1531
1637;1531
1638;1531
1639;1531
1640;1531
1641;1531
1642;1531
1643;1531
1644;1531
1645;1531
1646;1531
1647;1531
1648;1531
1649;1531
1650;1531
1651;1531
1652;1531
1653;1531
1654;1531
1655;1531
1656;1531
1657;1531
1658;1531
1659;1531
1660;1531
1661;1531
1662;1531
1663;1531
1664;1531
1665;1531
1666;1531
1667;1531
1668;1531
1669;1531
1670;1531
1671;1531
1672;1531
1673;1531
1674;1531
1675;1531
1676;1531
1677;1531
1678;1531
1679;1531
1680;1531
1681;1531
1682;1531
1683;1531
1684;1531
1685;1531
1686;1531
1687;1531
1688;1531
1689;1531
1690;1531
1691;1531
1692;1531
1693;1531
1694;1531
1695;1531
1696;1531
1697;1531
1698;1531
1699;1531
1700;1531
1701;1531
1702;1531
1703;1531
1704;1531
1705;1531
1706;1531
1707;1531
1708;1531
1709;1531
1710;1531
1711;1531
1712;1531
1713;1531
1714;1531
1715;1531
1716;1531
1717;1531
1718;1531
1719;1531
1720;1531
1721;1531
1722;1531
1723;1531
1724;1531
1725;1531
1726;1531
1727;1531
1728;1531
1729;1531
1730;1531
1731;1531
1732;1531
1733;1531
1734;1531
1735;1531
1736;1531
1737;1531
1738;1531
1739;1531
1740;1531
1741;1531
1742;1531
1743;1531
1744;1531
1745;1531
1746;1531
1747;1531
1748;1531
1749;1531
1750;1531
1751;1531
1752;1531
1753;1531
1754;1531
1755;1531
1756;1531
1757;1531
1758;1531
1759;1531
1760;1531
1761;1531
1762;1531
1763;1531
1764;1531
1765;1531
1766;1531
1767;1531
1768;1531
1769;1531
1770;1531
1771;1531
1772;1531
1773;1531
1774;1531
1775;1531
1776;1531
1777;1531
1778;1531
1779;1531
1780;1531
1781;1531
1782;1531
1783;1531
1784;1531
1785;1531
1786;1531
1787;1531
1788;1531
1789;1531
1790;1531
1791;1531
1792;1531
1793;1531
1794;1531
1795;1531
1796;1531
1797;1531
1798;1531
1799;1531
1800;1531
1801;1531
1802;1531
1803;1531
1804;1531
1805;1531
1806;1531
1807;1531
1808;1531
1809;1531
1810;1531
1811;1531
1812;1531
1813;1531
1814;1531
1815;1531
1816;1531
1817;1531
1818;1531
1819;1531
1820;1531
1821;1531
1822;1531
1823;1531
1824;1531
1825;1531
1826;1531
1827;1531
1828;1531
1829;1531
1830;1531
1831;1531
1832;1531
1833;1531
1834;1531
1835;1531
1836;1531
1837;1531
1838;1531
1839;1531
1840;1531
1841;1531
1842;1531
1843;1531
1844;1531
1845;1531
1846;1531
1847;1531
1848;1531
1849;1531
1850;1531
1851;1531
1852;1531
1853;1531
1854;1531
1855;1531
1856;1531
1857;1531
1858;1531
1859;1531
1860;1531
1861;1531
1862;1531
1863;1531
1864;1531
1865;1531
1866;1531
1867;1531
1868;1531
1869;1531
1870;1531
1871;1531
1872;1531
1873;1531
1874;1531
1875;1531
1876;1531
1877;1531
1878;1531
1879;1531
1880;1531
1881;1531
1882;1531
1883;1531
1884;1531
1885;1531
1886;1531
1887;1531
1888;1531
1889;1531
1890;1531
1891;1531
1892;1531
1893;1531
1894;1531
1895;1531
1896;1531
1897;1531
1898;1531
1899;1531
1900;1531
1901;1531
1902;1531
1903;1531
1904;1531
1905;1531
1906;1531
1907;1531
1908;1531
1909;1531
1910;1531
1911;1531
1912;1531
1913;1531
1914;1531
1915;1531
1916;1531
1917;1531
1918;1531
1919;1531
1920;1531
1921;1531
1922;1531
1923;1531
1924;1531
1925;1531
1926;1531
1927;1531
1928;1531
1929;1531
1930;1531
1931;1531
1932;1531
1933;1531
1934;1531
1935;1531
1936;1531
1937;1531
1938;1531
1939;1531
1940;1531
1941;1531
1942;1531
1943;1531
1944;1531
1945;1531
1946;1531
1947;1531
1948;1531
1949;1531
1950;1531
1951;1531
1952;1531
1953;1531
1954;1531
1955;1531
1956;1531
1957;1531
1958;1531
1959;1531
1960;1531
1961;1531
1962;1531
1963;1531
1964;1531
1965;1531
1966;1531
1967;1531
1968;1531
1969;1531
1970;1531
1971;1531
1972;1531
1973;1531
1974;1531
1975;1531
1976;1531
1977;1531
1978;1531
1979;1531
1980;1531
1981;1531
1982;1531
1983;1531
1984;1531
1985;1531
1986;1531
1987;1531
1988;1531
1989;1531
1990;1531
1991;1531
1992;1531
1993;1531
1994;1531
1995;1531
1996;1531
1997;1531
1998;1531
1999;1531
2000;1531
2001;1531
2002;1531
2003;1531
2004;1531
2005;1531
2006;1531
2007;1531
2008;1531
2009;1531
2010;1531
2011;1531
2012;1531
2013;1531
2014;1531
2015;1531
2016;1531
2017;1531
2018;1531
2019;1531
2020;1531
2021;1531
2022;1531
2023;1531
2024;1531
2025;1531
2026;1531
2027;1531
2028;1531
2029;1531
2030;1531
2031;1531
2032;1531
2033;1531
2034;1531
2035;1531
2036;1531
2037;1531
2038;1531
2039;1531
2040;1531
2041;1531
2042;1531
2043;1531
2044;1531
2045;1531
2046;1531
2047;1531
237